Solid 0
        Face 0
             Loop 0  (0.25, 0.25, 0)  (0.75, 0.25, 0)  (0.75, 0.25, 1)  (0.25, 0.25, 1) 
        Face 1
             Loop 0  (0.75, 0.25, 0)  (0.75, 0.75, 0)  (0.75, 0.75, 1)  (0.75, 0.25, 1) 
        Face 2
             Loop 0  (0.75, 0.75, 0)  (0.25, 0.75, 0)  (0.25, 0.75, 1)  (0.75, 0.75, 1) 
        Face 3
             Loop 0  (0.25, 0.75, 0)  (0.25, 0.25, 0)  (0.25, 0.25, 1)  (0.25, 0.75, 1) 
        Face 4
             Loop 0  (0.75, 0.25, 0)  (0.25, 0.25, 0)  (0.25, 0.75, 0)  (0.75, 0.75, 0) 
        Face 5
             Loop 0  (0, 1, 1)  (0, 0, 1)  (0, 0, 0)  (0, 1, 0) 
        Face 6
             Loop 0  (0, 0, 1)  (1, 0, 1)  (1, 0, 0)  (0, 0, 0) 
        Face 7
             Loop 0  (1, 0, 1)  (1, 1, 1)  (1, 1, 0)  (1, 0, 0) 
        Face 8
             Loop 0  (1, 1, 1)  (0, 1, 1)  (0, 1, 0)  (1, 1, 0) 
        Face 9
             Loop 0  (0, 1, 0)  (0, 0, 0)  (1, 0, 0)  (1, 1, 0) 
        Face 10
             Loop 0  (0, 0, 1)  (0, 1, 1)  (1, 1, 1)  (1, 0, 1) 
             Loop 1  (0.25, 0.75, 1)  (0.25, 0.25, 1)  (0.75, 0.25, 1)  (0.75, 0.75, 1) 
